MAF	beta	p
rs10144942	0.147058823529412	1.21405355970149	6.01248997529274e-40
rs743264	NA	NA	NA
rs743263	0.317647058823529	-0.264167778781038	0.0121152819030104
rs10498518	0.405882352941176	-0.312830778765691	0.00182230266135424
rs12590986	0.405882352941176	-0.312830778765691	0.00182230266135424
rs1957425	0.41566265060241	-0.308604598012148	0.00253021249967064
rs10151701	0.147058823529412	1.21405355970149	6.01248997529274e-40
rs2412065	0.147058823529412	1.21405355970149	6.01248997529274e-40
rs2737844	0.317647058823529	-0.264167778781038	0.0121152819030104
rs4902348	NA	NA	NA
rs11621450	0.1	1.17278087179487	1.02400158518419e-15
