MAF	beta	p
rs10144942	0.196428571428571	1.19176027366255	4.41375749279615e-24
rs743264	NA	NA	NA
rs743263	0.276785714285714	0.902851395748161	8.48671560265936e-13
rs10498518	0.223214285714286	1.05068331143114	3.13449954906294e-18
rs12590986	0.223214285714286	1.05068331143114	3.13449954906294e-18
rs1957425	0.227272727272727	1.04292647685185	7.62210687017433e-18
rs10151701	0.196428571428571	1.19176027366255	4.41375749279615e-24
rs2412065	0.196428571428571	1.19176027366255	4.41375749279615e-24
rs2737844	0.276785714285714	0.902851395748161	8.48671560265936e-13
rs4902348	NA	NA	NA
rs11621450	0.151785714285714	1.22039910064516	3.0531372771232e-16
