MAF	beta	p
rs10144942	NA	NA	NA
rs743264	NA	NA	NA
rs743263	NA	NA	NA
rs10498518	0.252717391304348	0.292957364731471	0.000382796554619467
rs12590986	0.251336898395722	0.305577888729246	0.000210463326137785
rs1957425	NA	NA	NA
rs10151701	NA	NA	NA
rs2412065	0.237967914438503	0.346785498039818	6.29865129285997e-05
rs2737844	0.31767955801105	0.237444644887679	0.0033241125688177
rs4902348	0.132432432432432	0.225073852256107	0.0591308202167355
rs11621450	0.137837837837838	0.215923686233206	0.0602383940142363
