MAF	beta	p
rs10144942	0.342105263157895	-0.816683128252789	7.03739737367975e-11
rs743264	NA	NA	NA
rs743263	0.0701754385964912	-0.56953162244898	0.0577227510271561
rs10498518	0.0701754385964912	-0.56953162244898	0.0577227510271561
rs12590986	0.0701754385964912	-0.56953162244898	0.0577227510271561
rs1957425	0.0714285714285714	-0.549109187500001	0.0658597504128677
rs10151701	0.464912280701754	1.02711646103896	5.05890354514924e-29
rs2412065	0.464912280701754	1.02711646103896	5.05890354514924e-29
rs2737844	0.0701754385964912	-0.56953162244898	0.0577227510271561
rs4902348	NA	NA	NA
rs11621450	NA	NA	NA
