MAF	beta	p
rs10144942	0.238317757009346	1.60138322732256	2.4892086310362e-30
rs743264	NA	NA	NA
rs743263	0.313084112149533	1.31207566311821	6.73119636458551e-18
rs10498518	0.252336448598131	1.56982850068183	4.96913137239016e-31
rs12590986	0.252336448598131	1.56982850068183	4.96913137239016e-31
rs1957425	0.254716981132075	1.57172752318716	1.07457832470519e-30
rs10151701	0.242990654205607	1.60255073948573	1.16166529067619e-33
rs2412065	0.242990654205607	1.60255073948573	1.16166529067619e-33
rs2737844	0.317757009345794	1.30038510816669	1.7897786119715e-18
rs4902348	NA	NA	NA
rs11621450	0.149532710280374	1.53268330923654	3.58472821753622e-15
